-2.000 7.389
-1.992 7.330
-1.984 7.272
-1.976 7.214
-1.968 7.156
-1.960 7.099
-1.952 7.043
-1.944 6.987
-1.936 6.931
-1.928 6.876
-1.920 6.821
-1.912 6.767
-1.904 6.713
-1.896 6.659
-1.888 6.606
-1.880 6.554
-1.872 6.501
-1.864 6.449
-1.856 6.398
-1.848 6.347
-1.840 6.297
-1.832 6.246
-1.824 6.197
-1.816 6.147
-1.808 6.098
-1.800 6.050
-1.792 6.001
-1.784 5.954
-1.776 5.906
-1.768 5.859
-1.760 5.812
-1.752 5.766
-1.744 5.720
-1.736 5.675
-1.728 5.629
-1.720 5.585
-1.712 5.540
-1.704 5.496
-1.696 5.452
-1.688 5.409
-1.680 5.366
-1.672 5.323
-1.664 5.280
-1.656 5.238
-1.648 5.197
-1.640 5.155
-1.632 5.114
-1.624 5.073
-1.616 5.033
-1.608 4.993
-1.600 4.953
-1.592 4.914
-1.584 4.874
-1.576 4.836
-1.568 4.797
-1.560 4.759
-1.552 4.721
-1.544 4.683
-1.536 4.646
-1.528 4.609
-1.520 4.572
-1.512 4.536
-1.504 4.500
-1.496 4.464
-1.488 4.428
-1.480 4.393
-1.472 4.358
-1.464 4.323
-1.456 4.289
-1.448 4.255
-1.440 4.221
-1.432 4.187
-1.424 4.154
-1.416 4.121
-1.408 4.088
-1.400 4.055
-1.392 4.023
-1.384 3.991
-1.376 3.959
-1.368 3.927
-1.360 3.896
-1.352 3.865
-1.344 3.834
-1.336 3.804
-1.328 3.773
-1.320 3.743
-1.312 3.714
-1.304 3.684
-1.296 3.655
-1.288 3.626
-1.280 3.597
-1.272 3.568
-1.264 3.540
-1.256 3.511
-1.248 3.483
-1.240 3.456
-1.232 3.428
-1.224 3.401
-1.216 3.374
-1.208 3.347
-1.200 3.320
-1.192 3.294
-1.184 3.267
-1.176 3.241
-1.168 3.216
-1.160 3.190
-1.152 3.165
-1.144 3.139
-1.136 3.114
-1.128 3.089
-1.120 3.065
-1.112 3.040
-1.104 3.016
-1.096 2.992
-1.088 2.968
-1.080 2.945
-1.072 2.921
-1.064 2.898
-1.056 2.875
-1.048 2.852
-1.040 2.829
-1.032 2.807
-1.024 2.784
-1.016 2.762
-1.008 2.740
-1.000 2.718
-0.992 2.697
-0.984 2.675
-0.976 2.654
-0.968 2.633
-0.960 2.612
-0.952 2.591
-0.944 2.570
-0.936 2.550
-0.928 2.529
-0.920 2.509
-0.912 2.489
-0.904 2.469
-0.896 2.450
-0.888 2.430
-0.880 2.411
-0.872 2.392
-0.864 2.373
-0.856 2.354
-0.848 2.335
-0.840 2.316
-0.832 2.298
-0.824 2.280
-0.816 2.261
-0.808 2.243
-0.800 2.226
-0.792 2.208
-0.784 2.190
-0.776 2.173
-0.768 2.155
-0.760 2.138
-0.752 2.121
-0.744 2.104
-0.736 2.088
-0.728 2.071
-0.720 2.054
-0.712 2.038
-0.704 2.022
-0.696 2.006
-0.688 1.990
-0.680 1.974
-0.672 1.958
-0.664 1.943
-0.656 1.927
-0.648 1.912
-0.640 1.896
-0.632 1.881
-0.624 1.866
-0.616 1.852
-0.608 1.837
-0.600 1.822
-0.592 1.808
-0.584 1.793
-0.576 1.779
-0.568 1.765
-0.560 1.751
-0.552 1.737
-0.544 1.723
-0.536 1.709
-0.528 1.696
-0.520 1.682
-0.512 1.669
-0.504 1.655
-0.496 1.642
-0.488 1.629
-0.480 1.616
-0.472 1.603
-0.464 1.590
-0.456 1.578
-0.448 1.565
-0.440 1.553
-0.432 1.540
-0.424 1.528
-0.416 1.516
-0.408 1.504
-0.400 1.492
-0.392 1.480
-0.384 1.468
-0.376 1.456
-0.368 1.445
-0.360 1.433
-0.352 1.422
-0.344 1.411
-0.336 1.399
-0.328 1.388
-0.320 1.377
-0.312 1.366
-0.304 1.355
-0.296 1.344
-0.288 1.334
-0.280 1.323
-0.272 1.313
-0.264 1.302
-0.256 1.292
-0.248 1.281
-0.240 1.271
-0.232 1.261
-0.224 1.251
-0.216 1.241
-0.208 1.231
-0.200 1.221
-0.192 1.212
-0.184 1.202
-0.176 1.192
-0.168 1.183
-0.160 1.174
-0.152 1.164
-0.144 1.155
-0.136 1.146
-0.128 1.137
-0.120 1.127
-0.112 1.119
-0.104 1.110
-0.096 1.101
-0.088 1.092
-0.080 1.083
-0.072 1.075
-0.064 1.066
-0.056 1.058
-0.048 1.049
-0.040 1.041
-0.032 1.033
-0.024 1.024
-0.016 1.016
-0.008 1.008
0.000 1.000
0.008 0.992
0.016 0.984
0.024 0.976
0.032 0.969
0.040 0.961
0.048 0.953
0.056 0.946
0.064 0.938
0.072 0.931
0.080 0.923
0.088 0.916
0.096 0.908
0.104 0.901
0.112 0.894
0.120 0.887
0.128 0.880
0.136 0.873
0.144 0.866
0.152 0.859
0.160 0.852
0.168 0.845
0.176 0.839
0.184 0.832
0.192 0.825
0.200 0.819
0.208 0.812
0.216 0.806
0.224 0.799
0.232 0.793
0.240 0.787
0.248 0.780
0.256 0.774
0.264 0.768
0.272 0.762
0.280 0.756
0.288 0.750
0.296 0.744
0.304 0.738
0.312 0.732
0.320 0.726
0.328 0.720
0.336 0.715
0.344 0.709
0.352 0.703
0.360 0.698
0.368 0.692
0.376 0.687
0.384 0.681
0.392 0.676
0.400 0.670
0.408 0.665
0.416 0.660
0.424 0.654
0.432 0.649
0.440 0.644
0.448 0.639
0.456 0.634
0.464 0.629
0.472 0.624
0.480 0.619
0.488 0.614
0.496 0.609
0.504 0.604
0.512 0.599
0.520 0.595
0.528 0.590
0.536 0.585
0.544 0.580
0.552 0.576
0.560 0.571
0.568 0.567
0.576 0.562
0.584 0.558
0.592 0.553
0.600 0.549
0.608 0.544
0.616 0.540
0.624 0.536
0.632 0.532
0.640 0.527
0.648 0.523
0.656 0.519
0.664 0.515
0.672 0.511
0.680 0.507
0.688 0.503
0.696 0.499
0.704 0.495
0.712 0.491
0.720 0.487
0.728 0.483
0.736 0.479
0.744 0.475
0.752 0.471
0.760 0.468
0.768 0.464
0.776 0.460
0.784 0.457
0.792 0.453
0.800 0.449
0.808 0.446
0.816 0.442
0.824 0.439
0.832 0.435
0.840 0.432
0.848 0.428
0.856 0.425
0.864 0.421
0.872 0.418
0.880 0.415
0.888 0.411
0.896 0.408
0.904 0.405
0.912 0.402
0.920 0.399
0.928 0.395
0.936 0.392
0.944 0.389
0.952 0.386
0.960 0.383
0.968 0.380
0.976 0.377
0.984 0.374
0.992 0.371
1.000 0.368
1.008 0.365
1.016 0.362
1.024 0.359
1.032 0.356
1.040 0.353
1.048 0.351
1.056 0.348
1.064 0.345
1.072 0.342
1.080 0.340
1.088 0.337
1.096 0.334
1.104 0.332
1.112 0.329
1.120 0.326
1.128 0.324
1.136 0.321
1.144 0.319
1.152 0.316
1.160 0.313
1.168 0.311
1.176 0.309
1.184 0.306
1.192 0.304
1.200 0.301
1.208 0.299
1.216 0.296
1.224 0.294
1.232 0.292
1.240 0.289
1.248 0.287
1.256 0.285
1.264 0.283
1.272 0.280
1.280 0.278
1.288 0.276
1.296 0.274
1.304 0.271
1.312 0.269
1.320 0.267
1.328 0.265
1.336 0.263
1.344 0.261
1.352 0.259
1.360 0.257
1.368 0.255
1.376 0.253
1.384 0.251
1.392 0.249
1.400 0.247
1.408 0.245
1.416 0.243
1.424 0.241
1.432 0.239
1.440 0.237
1.448 0.235
1.456 0.233
1.464 0.231
1.472 0.229
1.480 0.228
1.488 0.226
1.496 0.224
1.504 0.222
1.512 0.220
1.520 0.219
1.528 0.217
1.536 0.215
1.544 0.214
1.552 0.212
1.560 0.210
1.568 0.208
1.576 0.207
1.584 0.205
1.592 0.204
1.600 0.202
1.608 0.200
1.616 0.199
1.624 0.197
1.632 0.196
1.640 0.194
1.648 0.192
1.656 0.191
1.664 0.189
1.672 0.188
1.680 0.186
1.688 0.185
1.696 0.183
1.704 0.182
1.712 0.181
1.720 0.179
1.728 0.178
1.736 0.176
1.744 0.175
1.752 0.173
1.760 0.172
1.768 0.171
1.776 0.169
1.784 0.168
1.792 0.167
1.800 0.165
1.808 0.164
1.816 0.163
1.824 0.161
1.832 0.160
1.840 0.159
1.848 0.158
1.856 0.156
1.864 0.155
1.872 0.154
1.880 0.153
1.888 0.151
1.896 0.150
1.904 0.149
1.912 0.148
1.920 0.147
1.928 0.145
1.936 0.144
1.944 0.143
1.952 0.142
1.960 0.141
1.968 0.140
1.976 0.139
1.984 0.138
1.992 0.136
